# map term labels to codes
num.labs <- c("201780", "201810", "201860","201880", "201910", "201960","201980", "202010", "202060", "202080", "202110", "202160", "202180", "202210", "202260", "202280","202310","202360","202380","202410","202460","202480","202510","202560","202580")
term_text <- c("Fall 2017","Spring 2018","Summer 2018","Fall 2018","Spring 2019","Summer 2019","Fall 2019","Spring 2020","Summer 2020","Fall 2020","Spring 2021","Summer 2021","Fall 2021","Spring 2022","Summer 2022","Fall 2022","Spring 2023","Summer 2023","Fall 2023","Spring 2024","Summer 2024","Fall 2024","Spring 2025","Summer 2025","Fall 2025")
