################## EXCLUDED COURSE LIST #####################
# these courses are generally special courses, like honors credits, disseration credits, thesis credits
# enrollments tend to be very low 
# it is useful to count these courses for enrollment and credit hour data, but usually not in lists of courses.
excluded_courses <- c(
  "AFST 391",
  "BIOL 1110L",
  "AMST 497",
  "AMST 498",
  "AMST 499",
  "AMST 597",
  "AMST 599",
  "AMST 697",
  "AMST 699",
  "ANTH 399",
  "ANTH 497",
  "ANTH 499",
  "ANTH 597",
  "ANTH 598",
  "ANTH 599",
  "ANTH 697",
  "ANTH 698",
  "ANTH 699",
  "ARBC 497",
  "ARTH 496",
  "ARTH 498",
  "ARTH 499",
  "ARTH 551",
  "ARTH 552",
  "ARTH 582",
  "ARTH 599",
  "ARTH 699",
  "ASTR 455",
  "ASTR 456",
  "BIOL 400",
  "BIOL 402",
  "BIOL 499",
  "BIOL 551",
  "BIOL 599",
  "BIOL 651",
  "BIOL 699",
  "BME 699",
  "CHEM 495",
  "CHEM 496",
  "CHEM 599",
  "CHEM 650",
  "CHEM 699",
  "CHIN 497",
  "CCS 495",
  "CCS 597",
  "CCS 599",
  "CCS 697",
  "CCS 699",
  "CJ 490",
  "CJ 494",
  "CJ 593",
  "CJ 598",
  "CJ 599",
  "CJ 699",
  "CLST 497",
  "CLST 498",
  "CLST 499",
  "COMP 497",
  "COMP 498",
  "COMP 551",
  "COMP 599",
  "ECON 451",
  "ECON 498",
  "ECON 499",
  "ECON 551",
  "ECON 599",
  "ECON 699",
  "ENGL 490",
  "ENGL 497",
  "ENGL 596",
  "ENGL 597",
  "ENGL 697",
  "ENGL 698",
  "ENGL 699",
  "EPS 491",
  "EPS 492",
  "EPS 493",
  "EPS 495",
  "EPS 551",
  "EPS 599",
  "EPS 699",
  "FREN 497",
  "FREN 498",
  "FREN 499",
  "FREN 575",
  "FREN 599",
  "FREN 699",
  "GEOG 491",
  "GEOG 493",
  "GEOG 591",
  "GEOG 593",
  "GEOG 597",
  "GEOG 599",
  "GEOG 691",
  "GEOG 696",
  "GEOG 699",
  "GRMN 497",
  "GRMN 498",
  "GRMN 499",
  "GREK 497",
  "HIST 493",
  "HIST 494",
  "HIST 496",
  "HIST 599",
  "HIST 697",
  "HIST 699",
  "INTS 402",
  "JAPN 497",
  "LATN 497",
  "LING 495",
  "LING 498",
  "LING 499",
  "LING 595",
  "LING 599",
  "LING 697",
  "LING 699",
  "LTAM 497",
  "LTAM 499",
  "LTAM 551",
  "LTAM 599",
  "LTAM 699",
  "MATH 499",
  "MATH 551",
  "MATH 598",
  "MATH 599",
  "MATH 605",
  "MATH 650",
  "MATH 699",
  "MSST 597",
  "MSST 598",
  "MSST 599",
  "NATV 351",
  "NATV 352",
  "NATV 510",
  "NATV 590",
  "NVJO 495",
  "NVJO 595",
  "PADM 551",
  "PADM 553",
  "PADM 599",
  "PHIL 497",
  "PHIL 497",
  "PHIL 498",
  "PHIL 499",
  "PHIL 551",
  "PHIL 599",
  "PHIL 651",
  "PHIL 699",
  "PHYS 451",
  "PHYS 452",
  "PHYS 456",
  "PHYS 551",
  "PHYS 452",
  "PHYS 552",
  "PHYS 599",
  "PHYS 650",
  "PHYS 699",
  "POLS 491",
  "POLS 496",
  "POLS 497",
  "POLS 499",
  "POLS 491",
  "POLS 551",
  "POLS 552",
  "POLS 599",
  "POLS 699",
  "PSY 499",
  "PSY 551",
  "PSY 599",
  "PSY 631",
  "PSY 699",
  "PSYC 491",
  "PSYC 499",
  "PSYC 551",
  "PSYC 599",
  "PSYC 631",
  "PSYC 699",
  "RELG 497",
  "RELG 551",
  "RUSS 497",
  "RUSS 498",
  "RUSS 499",
  "SOCI 490",
  "SOCI 491",
  "SOCI 551",
  "SOCI 596",
  "SOCI 696",
  "SOCI 699",
  "SPAN 497",
  "SPAN 498",
  "SPAN 499",
  "SPAN 551",
  "SPAN 699",
  "SHS 451",
  "SHS 500",
  "SHS 551",
  "SHS 558",
  "SHS 599",
  "SHS 606",
  "SHS 610",
  "SHS 651",
  "SIGN 495",
  "STAT 495",
  "STAT 595",
  "STAT 599",
  "STAT 650",
  "STAT 699",
  "WGSS 499",
  "WGSS 579"
)
